#Fri Aug 29 19:13:23 CEST 2014
org.eclipse.vjet.rt.feature.group=[0.10.0.201403201656,0.10.0.201403201656]
org.jboss.tools.arquillian.feature.feature.group=[1.1.1.Beta2-v20140613-0222-B55,1.1.1.Beta2-v20140613-0222-B55]
org.eclipse.vjet.extmod.jsdt.feature.group=[0.10.0.201403201656,0.10.0.201403201656]
org.eclipse.vjet.web.feature.group=[0.10.0.201403201656,0.10.0.201403201656]
org.eclipse.vjet.extmod.dltk.core.feature.group=[0.10.0.201403201656,0.10.0.201403201656]
org.eclipse.vjet.codegen.feature.group=[0.10.0.201403201656,0.10.0.201403201656]
tern-server-nodejs-feature.feature.group=[0.5.0.201408272110,0.5.0.201408272110]
org.eclipse.vjet.eclipse.feature.group=[0.10.0.201403201656,0.10.0.201403201656]
tern.eclipse.ide.tools.feature.feature.group=[0.5.0.201408272110,0.5.0.201408272110]
tern.eclipse.ide.server.nodejs.embed.feature.group=[0.5.0.201408272110,0.5.0.201408272110]
org.eclipse.vjet.vsf.domkit.feature.group=[0.10.0.201403201656,0.10.0.201403201656]
org.eclipse.equinox.server.jetty.feature.group=[1.1.100.v20140416-1649,1.1.100.v20140416-1649]
org.eclipse.vjet.extmod.rhino.feature.group=[0.10.0.201403201656,0.10.0.201403201656]
tern-feature.feature.group=[0.5.0.201408272110,0.5.0.201408272110]
org.eclipse.vjet.core.feature.group=[0.10.0.201403201656,0.10.0.201403201656]
tern-jsdt-feature.feature.group=[0.5.0.201408272110,0.5.0.201408272110]
angularjs-eclipse-feature.feature.group=[0.5.0.201408281218,0.5.0.201408281218]
